((("errs" .
   [1 0 0 0])
  ("kbd" .
   [1 0 0])
  ("Println" .
   [1 0 1 0 0 0 0])
  ("fmt" .
   [2 0 0])
  ("compile" .
   [1 0 0 0 0 0 0])
  ("control" .
   [1 0 0 0 0 0 0])
  ("global-set-key" .
   [0 0 0 0 0 0 0 0 0 0 1 0 0 0])
  ("Database" .
   [0 0 0 0 1 0 0 0])
  ("beego" .
   [0 0 0 1 0])
  ("err" .
   [2 0 0])
  ("db" .
   [1 0])
  ("go-flycheck" .
   [0 0 0 0 1 0 0 0 0 0 0])
  ("go" .
   [1 0])
  ("nil" .
   [1 0 0])
  ("find-tag" .
   [0 0 0 0 1 1 0 0])
  ("find" .
   [2 0 0 0])
  ("Errorf" .
   [1 0 0 0 0 0])
  ("add-to-list" .
   [0 0 0 0 0 0 0 0 0 1 0])
  ("load-path" .
   [0 0 0 0 0 0 0 1 0])
  ("require" .
   [0 0 0 1 1 0 0])
  ("k" .
   [1])
  ("global-linum-mode" .
   [0 0 0 0 0 0 0 0 0 0 1 0 0 0 0 0 0])
  ("input" .
   [0 0 1 0 0])))
